1,0,0,0,0,0,0,0,0,0,0,0,0,0,0,0,0,0,0,0,0,0,0,0,0,0,0,0,0,0,0,0,0,0,0,0,0,0,0,0,0,0,0,0,0,0,0,0,0,0,0,0,4094,0,0,0,0,0,0,0,0,0,0,0,0,
1,0,0,0,0,0,0,0,0,0,0,0,0,0,0,0,0,0,0,0,0,0,0,0,0,0,0,0,0,0,0,0,0,0,0,0,0,0,0,0,0,0,0,0,0,0,0,0,0,0,0,0,4094,0,0,0,4094,0,0,0,0,0,0,0,0,
1,0,0,0,0,0,0,0,0,0,0,0,0,0,0,0,0,0,0,0,0,0,0,0,0,0,0,0,0,0,0,0,0,0,0,0,0,0,0,0,0,0,0,0,0,0,0,0,0,0,0,0,4094,0,0,0,4094,0,0,0,4094,0,0,0,0,
1,0,0,0,0,0,0,0,0,0,0,0,0,0,0,0,0,0,0,0,0,0,0,0,0,0,0,0,0,0,0,0,0,0,0,0,0,0,0,0,0,0,0,0,0,0,0,0,0,0,0,0,4094,0,0,0,4094,0,0,0,4094,0,0,0,4094,
1,0,0,0,0,0,0,0,0,0,0,0,0,0,0,0,0,0,0,0,0,0,0,0,0,0,0,0,0,0,0,0,0,0,0,0,0,0,0,0,0,0,0,0,0,0,0,0,0,0,0,0,4094,0,0,0,4094,0,0,0,4094,0,0,4094,4094,
1,0,0,0,0,0,0,0,0,0,0,0,0,0,0,0,0,0,0,0,0,0,0,0,0,0,0,0,0,0,0,0,0,0,0,0,0,0,0,0,0,0,0,0,0,0,0,0,0,0,0,0,4094,0,0,0,4094,0,0,0,4094,0,4094,4094,4094,
1,0,0,0,0,0,0,0,0,0,0,0,0,0,0,0,0,0,0,0,0,0,0,0,0,0,0,0,0,0,0,0,0,0,0,0,0,0,0,0,0,0,0,0,0,0,0,0,0,0,0,0,4094,0,0,0,4094,0,0,0,4094,4094,4094,4094,4094,
1,0,0,0,0,0,0,0,0,0,0,0,0,0,0,0,0,0,0,0,0,0,0,0,0,0,0,0,0,0,0,0,0,0,0,0,0,0,0,0,0,0,0,0,0,0,0,0,0,0,0,0,4094,0,0,0,4094,4094,0,0,4094,4094,4094,4094,4094,
1,0,0,0,0,0,0,0,0,0,0,0,0,0,0,0,0,0,0,0,0,0,0,0,0,0,0,0,0,0,0,0,0,0,0,0,0,0,0,0,0,0,0,0,0,0,0,0,0,0,0,0,4094,4094,0,0,4094,4094,0,0,4094,4094,4094,4094,4094,
1,0,0,0,0,0,0,0,0,0,0,0,0,0,0,0,0,0,0,0,0,0,0,0,0,0,0,0,0,0,0,0,0,0,0,0,0,0,0,0,0,0,0,0,0,0,0,0,0,4094,0,0,4094,4094,0,0,4094,4094,0,0,4094,4094,4094,4094,4094,
1,0,0,0,0,0,0,0,0,0,0,0,0,0,0,0,0,0,0,0,0,0,0,0,0,0,0,0,0,0,0,0,0,0,0,0,0,0,0,0,0,0,0,0,0,0,0,0,0,4094,4094,0,4094,4094,0,0,4094,4094,0,0,4094,4094,4094,4094,4094,
1,0,0,0,0,0,0,0,0,0,0,0,0,0,0,0,0,0,0,0,0,0,0,0,0,0,0,0,0,0,0,0,0,0,0,0,0,0,0,0,0,0,0,0,0,0,0,0,0,4094,4094,4094,4094,4094,0,0,4094,4094,0,0,4094,4094,4094,4094,4094,
1,0,0,0,0,0,0,0,0,0,0,0,0,0,0,0,0,0,0,0,0,0,0,0,0,0,0,0,0,0,0,0,0,0,0,0,0,0,0,0,0,0,0,0,0,0,0,0,0,4094,4094,4094,4094,4094,0,4094,4094,4094,0,0,4094,4094,4094,4094,4094,
1,0,0,0,0,0,0,0,0,0,0,0,0,0,0,0,0,0,0,0,0,0,0,0,0,0,0,0,0,0,0,0,0,0,0,0,0,0,0,0,0,0,0,0,0,0,0,0,0,4094,4094,4094,4094,4094,0,4094,4094,4094,0,4094,4094,4094,4094,4094,4094,
1,0,0,0,0,0,0,0,0,0,0,0,0,0,0,0,0,0,0,0,0,0,0,0,0,0,0,0,0,0,0,0,0,0,0,0,0,0,0,0,0,0,0,0,0,0,0,0,0,4094,4094,4094,4094,4094,0,4094,4094,4094,4094,4094,4094,4094,4094,4094,4094,
1,0,0,0,0,0,0,0,0,0,0,0,0,0,0,0,0,0,0,0,0,0,0,0,0,0,0,0,0,0,0,0,0,0,0,0,0,0,0,0,0,0,0,0,0,0,0,0,0,4094,4094,4094,4094,4094,4094,4094,4094,4094,4094,4094,4094,4094,4094,4094,4094,
1,0,0,0,0,0,0,0,0,0,0,0,0,0,0,0,0,0,0,0,0,0,0,0,0,0,0,0,0,0,0,0,0,0,0,0,0,0,0,4094,0,0,0,0,0,0,0,0,0,4094,4094,4094,4094,4094,4094,4094,4094,4094,4094,4094,4094,4094,4094,4094,4094,
1,0,0,0,0,0,0,0,0,0,0,0,0,0,0,0,0,0,0,0,0,0,0,0,0,0,0,0,0,0,0,0,0,0,0,0,0,0,0,4094,0,0,0,4094,0,0,0,0,0,4094,4094,4094,4094,4094,4094,4094,4094,4094,4094,4094,4094,4094,4094,4094,4094,
1,0,0,0,0,0,0,0,0,0,0,0,0,0,0,0,0,0,0,0,0,0,0,0,0,0,0,0,0,0,0,0,0,0,0,0,0,0,0,4094,0,0,4094,4094,0,0,0,0,0,4094,4094,4094,4094,4094,4094,4094,4094,4094,4094,4094,4094,4094,4094,4094,4094,
1,0,0,0,0,0,0,0,0,0,0,0,0,0,0,0,0,0,0,0,0,0,0,0,0,0,0,0,0,0,0,0,0,0,0,0,0,0,4094,4094,0,0,4094,4094,0,0,0,0,0,4094,4094,4094,4094,4094,4094,4094,4094,4094,4094,4094,4094,4094,4094,4094,4094,
1,0,0,0,0,0,0,0,0,0,0,0,0,0,0,0,0,0,0,0,0,0,0,0,0,0,0,0,0,0,0,0,0,0,4094,0,0,0,4094,4094,0,0,4094,4094,0,0,0,0,0,4094,4094,4094,4094,4094,4094,4094,4094,4094,4094,4094,4094,4094,4094,4094,4094,
1,0,0,0,0,0,0,0,0,0,0,0,0,0,0,0,0,0,0,0,0,0,0,0,0,0,0,0,0,0,0,0,0,0,4094,4094,0,0,4094,4094,0,0,4094,4094,0,0,0,0,0,4094,4094,4094,4094,4094,4094,4094,4094,4094,4094,4094,4094,4094,4094,4094,4094,
1,0,0,0,0,0,0,0,0,0,0,0,0,0,0,0,0,0,0,0,0,0,0,0,0,0,0,0,0,0,0,0,0,0,4094,4094,4094,0,4094,4094,0,0,4094,4094,0,0,0,0,0,4094,4094,4094,4094,4094,4094,4094,4094,4094,4094,4094,4094,4094,4094,4094,4094,
1,0,0,0,0,0,0,0,0,0,0,0,0,0,0,0,0,0,0,0,0,0,0,0,0,0,0,0,0,0,0,0,0,0,4094,4094,4094,0,4094,4094,4094,0,4094,4094,0,0,0,0,0,4094,4094,4094,4094,4094,4094,4094,4094,4094,4094,4094,4094,4094,4094,4094,4094,
1,0,0,0,0,0,0,0,0,0,0,0,0,0,0,0,0,0,0,0,0,0,0,0,0,0,0,0,0,0,0,0,0,0,4094,4094,4094,0,4094,4094,4094,0,4094,4094,4094,0,0,0,0,4094,4094,4094,4094,4094,4094,4094,4094,4094,4094,4094,4094,4094,4094,4094,4094,
1,0,0,0,0,0,0,0,0,0,0,0,0,0,0,0,0,0,0,0,0,0,0,0,0,0,0,0,0,0,0,0,0,0,4094,4094,4094,0,4094,4094,4094,0,4094,4094,4094,0,0,0,4094,4094,4094,4094,4094,4094,4094,4094,4094,4094,4094,4094,4094,4094,4094,4094,4094,
1,0,0,0,0,0,0,0,0,0,0,0,0,0,0,0,0,0,0,0,0,0,0,0,0,0,0,0,0,0,0,0,0,0,4094,4094,4094,0,4094,4094,4094,0,4094,4094,4094,0,0,4094,4094,4094,4094,4094,4094,4094,4094,4094,4094,4094,4094,4094,4094,4094,4094,4094,4094,
1,0,0,0,0,0,0,0,0,0,0,0,0,0,0,0,0,0,0,0,0,0,0,0,0,0,0,0,0,0,0,0,0,0,4094,4094,4094,0,4094,4094,4094,0,4094,4094,4094,0,4094,4094,4094,4094,4094,4094,4094,4094,4094,4094,4094,4094,4094,4094,4094,4094,4094,4094,4094,
1,0,0,0,0,0,0,0,0,0,0,0,0,0,0,0,0,0,0,0,0,0,0,0,0,0,0,0,0,0,0,0,0,0,4094,4094,4094,0,4094,4094,4094,0,4094,4094,4094,4094,4094,4094,4094,4094,4094,4094,4094,4094,4094,4094,4094,4094,4094,4094,4094,4094,4094,4094,4094,
1,0,0,0,0,0,0,0,0,0,0,0,0,0,0,0,0,0,0,0,0,0,0,0,0,0,0,0,0,0,0,0,0,0,4094,4094,4094,0,4094,4094,4094,4094,4094,4094,4094,4094,4094,4094,4094,4094,4094,4094,4094,4094,4094,4094,4094,4094,4094,4094,4094,4094,4094,4094,4094,
1,0,0,0,0,0,0,0,0,0,0,0,0,0,0,0,0,0,0,0,0,0,0,0,0,0,0,0,0,0,0,0,0,0,4094,4094,4094,4094,4094,4094,4094,4094,4094,4094,4094,4094,4094,4094,4094,4094,4094,4094,4094,4094,4094,4094,4094,4094,4094,4094,4094,4094,4094,4094,4094,
1,0,0,0,0,0,0,0,0,0,0,0,0,0,0,0,0,0,0,0,0,0,0,0,0,0,0,0,0,0,0,0,0,4094,4094,4094,4094,4094,4094,4094,4094,4094,4094,4094,4094,4094,4094,4094,4094,4094,4094,4094,4094,4094,4094,4094,4094,4094,4094,4094,4094,4094,4094,4094,4094,
1,0,0,0,0,0,0,0,0,0,0,0,0,0,0,0,0,4094,0,0,0,0,0,0,0,0,0,0,0,0,0,0,0,4094,4094,4094,4094,4094,4094,4094,4094,4094,4094,4094,4094,4094,4094,4094,4094,4094,4094,4094,4094,4094,4094,4094,4094,4094,4094,4094,4094,4094,4094,4094,4094,
1,0,0,0,0,0,0,0,0,0,0,0,0,0,0,0,0,4094,4094,0,0,0,0,0,0,0,0,0,0,0,0,0,0,4094,4094,4094,4094,4094,4094,4094,4094,4094,4094,4094,4094,4094,4094,4094,4094,4094,4094,4094,4094,4094,4094,4094,4094,4094,4094,4094,4094,4094,4094,4094,4094,
1,0,0,0,0,0,0,0,0,0,0,0,0,0,0,0,0,4094,4094,4094,0,0,0,0,0,0,0,0,0,0,0,0,0,4094,4094,4094,4094,4094,4094,4094,4094,4094,4094,4094,4094,4094,4094,4094,4094,4094,4094,4094,4094,4094,4094,4094,4094,4094,4094,4094,4094,4094,4094,4094,4094,
1,0,0,0,0,0,0,0,0,0,0,0,0,0,0,0,0,4094,4094,4094,4094,0,0,0,0,0,0,0,0,0,0,0,0,4094,4094,4094,4094,4094,4094,4094,4094,4094,4094,4094,4094,4094,4094,4094,4094,4094,4094,4094,4094,4094,4094,4094,4094,4094,4094,4094,4094,4094,4094,4094,4094,
1,0,0,0,0,0,0,0,0,0,0,0,0,0,0,0,0,4094,4094,4094,4094,0,0,0,4094,0,0,0,0,0,0,0,0,4094,4094,4094,4094,4094,4094,4094,4094,4094,4094,4094,4094,4094,4094,4094,4094,4094,4094,4094,4094,4094,4094,4094,4094,4094,4094,4094,4094,4094,4094,4094,4094,
1,0,0,0,0,0,0,0,0,0,0,0,0,0,0,0,0,4094,4094,4094,4094,0,0,0,4094,0,0,0,4094,0,0,0,0,4094,4094,4094,4094,4094,4094,4094,4094,4094,4094,4094,4094,4094,4094,4094,4094,4094,4094,4094,4094,4094,4094,4094,4094,4094,4094,4094,4094,4094,4094,4094,4094,
1,0,0,0,0,0,0,0,0,0,0,0,0,0,0,0,0,4094,4094,4094,4094,0,0,0,4094,0,0,0,4094,0,0,0,4094,4094,4094,4094,4094,4094,4094,4094,4094,4094,4094,4094,4094,4094,4094,4094,4094,4094,4094,4094,4094,4094,4094,4094,4094,4094,4094,4094,4094,4094,4094,4094,4094,
1,0,0,0,0,0,0,0,0,0,0,0,0,0,0,0,0,4094,4094,4094,4094,0,0,0,4094,0,0,0,4094,0,0,4094,4094,4094,4094,4094,4094,4094,4094,4094,4094,4094,4094,4094,4094,4094,4094,4094,4094,4094,4094,4094,4094,4094,4094,4094,4094,4094,4094,4094,4094,4094,4094,4094,4094,
1,0,0,0,0,0,0,0,0,0,0,0,0,0,0,0,0,4094,4094,4094,4094,0,0,0,4094,0,0,0,4094,0,4094,4094,4094,4094,4094,4094,4094,4094,4094,4094,4094,4094,4094,4094,4094,4094,4094,4094,4094,4094,4094,4094,4094,4094,4094,4094,4094,4094,4094,4094,4094,4094,4094,4094,4094,
1,0,0,0,0,0,0,0,0,0,0,0,0,0,0,0,0,4094,4094,4094,4094,0,0,0,4094,0,0,0,4094,4094,4094,4094,4094,4094,4094,4094,4094,4094,4094,4094,4094,4094,4094,4094,4094,4094,4094,4094,4094,4094,4094,4094,4094,4094,4094,4094,4094,4094,4094,4094,4094,4094,4094,4094,4094,
1,0,0,0,0,0,0,0,0,0,0,0,0,0,0,0,0,4094,4094,4094,4094,0,0,0,4094,4094,0,0,4094,4094,4094,4094,4094,4094,4094,4094,4094,4094,4094,4094,4094,4094,4094,4094,4094,4094,4094,4094,4094,4094,4094,4094,4094,4094,4094,4094,4094,4094,4094,4094,4094,4094,4094,4094,4094,
1,0,0,0,0,0,0,0,0,0,0,0,0,0,0,0,0,4094,4094,4094,4094,4094,0,0,4094,4094,0,0,4094,4094,4094,4094,4094,4094,4094,4094,4094,4094,4094,4094,4094,4094,4094,4094,4094,4094,4094,4094,4094,4094,4094,4094,4094,4094,4094,4094,4094,4094,4094,4094,4094,4094,4094,4094,4094,
1,0,0,0,0,0,0,0,0,0,0,0,0,0,0,0,0,4094,4094,4094,4094,4094,4094,0,4094,4094,0,0,4094,4094,4094,4094,4094,4094,4094,4094,4094,4094,4094,4094,4094,4094,4094,4094,4094,4094,4094,4094,4094,4094,4094,4094,4094,4094,4094,4094,4094,4094,4094,4094,4094,4094,4094,4094,4094,
1,0,0,0,0,0,0,0,0,0,0,0,0,0,0,0,0,4094,4094,4094,4094,4094,4094,4094,4094,4094,0,0,4094,4094,4094,4094,4094,4094,4094,4094,4094,4094,4094,4094,4094,4094,4094,4094,4094,4094,4094,4094,4094,4094,4094,4094,4094,4094,4094,4094,4094,4094,4094,4094,4094,4094,4094,4094,4094,
1,0,0,0,0,0,0,0,0,0,0,0,0,0,0,0,0,4094,4094,4094,4094,4094,4094,4094,4094,4094,0,4094,4094,4094,4094,4094,4094,4094,4094,4094,4094,4094,4094,4094,4094,4094,4094,4094,4094,4094,4094,4094,4094,4094,4094,4094,4094,4094,4094,4094,4094,4094,4094,4094,4094,4094,4094,4094,4094,
1,0,0,0,0,0,0,0,0,0,0,0,0,0,0,0,0,4094,4094,4094,4094,4094,4094,4094,4094,4094,4094,4094,4094,4094,4094,4094,4094,4094,4094,4094,4094,4094,4094,4094,4094,4094,4094,4094,4094,4094,4094,4094,4094,4094,4094,4094,4094,4094,4094,4094,4094,4094,4094,4094,4094,4094,4094,4094,4094,
1,0,0,0,0,0,0,0,0,0,4094,0,0,0,0,0,0,4094,4094,4094,4094,4094,4094,4094,4094,4094,4094,4094,4094,4094,4094,4094,4094,4094,4094,4094,4094,4094,4094,4094,4094,4094,4094,4094,4094,4094,4094,4094,4094,4094,4094,4094,4094,4094,4094,4094,4094,4094,4094,4094,4094,4094,4094,4094,4094,
1,0,0,0,0,0,4094,0,0,0,4094,0,0,0,0,0,0,4094,4094,4094,4094,4094,4094,4094,4094,4094,4094,4094,4094,4094,4094,4094,4094,4094,4094,4094,4094,4094,4094,4094,4094,4094,4094,4094,4094,4094,4094,4094,4094,4094,4094,4094,4094,4094,4094,4094,4094,4094,4094,4094,4094,4094,4094,4094,4094,
1,0,0,0,0,0,4094,4094,0,0,4094,0,0,0,0,0,0,4094,4094,4094,4094,4094,4094,4094,4094,4094,4094,4094,4094,4094,4094,4094,4094,4094,4094,4094,4094,4094,4094,4094,4094,4094,4094,4094,4094,4094,4094,4094,4094,4094,4094,4094,4094,4094,4094,4094,4094,4094,4094,4094,4094,4094,4094,4094,4094,
1,0,0,0,0,0,4094,4094,0,0,4094,4094,0,0,0,0,0,4094,4094,4094,4094,4094,4094,4094,4094,4094,4094,4094,4094,4094,4094,4094,4094,4094,4094,4094,4094,4094,4094,4094,4094,4094,4094,4094,4094,4094,4094,4094,4094,4094,4094,4094,4094,4094,4094,4094,4094,4094,4094,4094,4094,4094,4094,4094,4094,
1,0,0,0,0,0,4094,4094,0,0,4094,4094,0,0,0,4094,0,4094,4094,4094,4094,4094,4094,4094,4094,4094,4094,4094,4094,4094,4094,4094,4094,4094,4094,4094,4094,4094,4094,4094,4094,4094,4094,4094,4094,4094,4094,4094,4094,4094,4094,4094,4094,4094,4094,4094,4094,4094,4094,4094,4094,4094,4094,4094,4094,
1,0,0,0,0,0,4094,4094,0,0,4094,4094,0,0,4094,4094,0,4094,4094,4094,4094,4094,4094,4094,4094,4094,4094,4094,4094,4094,4094,4094,4094,4094,4094,4094,4094,4094,4094,4094,4094,4094,4094,4094,4094,4094,4094,4094,4094,4094,4094,4094,4094,4094,4094,4094,4094,4094,4094,4094,4094,4094,4094,4094,4094,
1,0,0,0,0,0,4094,4094,0,0,4094,4094,0,4094,4094,4094,0,4094,4094,4094,4094,4094,4094,4094,4094,4094,4094,4094,4094,4094,4094,4094,4094,4094,4094,4094,4094,4094,4094,4094,4094,4094,4094,4094,4094,4094,4094,4094,4094,4094,4094,4094,4094,4094,4094,4094,4094,4094,4094,4094,4094,4094,4094,4094,4094,
1,0,0,0,0,0,4094,4094,0,4094,4094,4094,0,4094,4094,4094,0,4094,4094,4094,4094,4094,4094,4094,4094,4094,4094,4094,4094,4094,4094,4094,4094,4094,4094,4094,4094,4094,4094,4094,4094,4094,4094,4094,4094,4094,4094,4094,4094,4094,4094,4094,4094,4094,4094,4094,4094,4094,4094,4094,4094,4094,4094,4094,4094,
1,0,0,0,0,4094,4094,4094,0,4094,4094,4094,0,4094,4094,4094,0,4094,4094,4094,4094,4094,4094,4094,4094,4094,4094,4094,4094,4094,4094,4094,4094,4094,4094,4094,4094,4094,4094,4094,4094,4094,4094,4094,4094,4094,4094,4094,4094,4094,4094,4094,4094,4094,4094,4094,4094,4094,4094,4094,4094,4094,4094,4094,4094,
1,4094,0,0,0,4094,4094,4094,0,4094,4094,4094,0,4094,4094,4094,0,4094,4094,4094,4094,4094,4094,4094,4094,4094,4094,4094,4094,4094,4094,4094,4094,4094,4094,4094,4094,4094,4094,4094,4094,4094,4094,4094,4094,4094,4094,4094,4094,4094,4094,4094,4094,4094,4094,4094,4094,4094,4094,4094,4094,4094,4094,4094,4094,
1,4094,4094,0,0,4094,4094,4094,0,4094,4094,4094,0,4094,4094,4094,0,4094,4094,4094,4094,4094,4094,4094,4094,4094,4094,4094,4094,4094,4094,4094,4094,4094,4094,4094,4094,4094,4094,4094,4094,4094,4094,4094,4094,4094,4094,4094,4094,4094,4094,4094,4094,4094,4094,4094,4094,4094,4094,4094,4094,4094,4094,4094,4094,
1,4094,4094,4094,0,4094,4094,4094,0,4094,4094,4094,0,4094,4094,4094,0,4094,4094,4094,4094,4094,4094,4094,4094,4094,4094,4094,4094,4094,4094,4094,4094,4094,4094,4094,4094,4094,4094,4094,4094,4094,4094,4094,4094,4094,4094,4094,4094,4094,4094,4094,4094,4094,4094,4094,4094,4094,4094,4094,4094,4094,4094,4094,4094,
1,4094,4094,4094,4094,4094,4094,4094,0,4094,4094,4094,0,4094,4094,4094,0,4094,4094,4094,4094,4094,4094,4094,4094,4094,4094,4094,4094,4094,4094,4094,4094,4094,4094,4094,4094,4094,4094,4094,4094,4094,4094,4094,4094,4094,4094,4094,4094,4094,4094,4094,4094,4094,4094,4094,4094,4094,4094,4094,4094,4094,4094,4094,4094,
1,4094,4094,4094,4094,4094,4094,4094,4094,4094,4094,4094,0,4094,4094,4094,0,4094,4094,4094,4094,4094,4094,4094,4094,4094,4094,4094,4094,4094,4094,4094,4094,4094,4094,4094,4094,4094,4094,4094,4094,4094,4094,4094,4094,4094,4094,4094,4094,4094,4094,4094,4094,4094,4094,4094,4094,4094,4094,4094,4094,4094,4094,4094,4094,
1,4094,4094,4094,4094,4094,4094,4094,4094,4094,4094,4094,4094,4094,4094,4094,0,4094,4094,4094,4094,4094,4094,4094,4094,4094,4094,4094,4094,4094,4094,4094,4094,4094,4094,4094,4094,4094,4094,4094,4094,4094,4094,4094,4094,4094,4094,4094,4094,4094,4094,4094,4094,4094,4094,4094,4094,4094,4094,4094,4094,4094,4094,4094,4094,
1,4094,4094,4094,4094,4094,4094,4094,4094,4094,4094,4094,4094,4094,4094,4094,4094,4094,4094,4094,4094,4094,4094,4094,4094,4094,4094,4094,4094,4094,4094,4094,4094,4094,4094,4094,4094,4094,4094,4094,4094,4094,4094,4094,4094,4094,4094,4094,4094,4094,4094,4094,4094,4094,4094,4094,4094,4094,4094,4094,4094,4094,4094,4094,4094,
