1,0,0,0,0,0,0,0,0,0,0,0,0,0,0,0,0,0,0,0,0,0,0,0,0,0,0,0,0,0,0,0,0,0,0,0,0,0,0,0,0,0,0,0,0,0,0,0,0,0,0,0,4094,0,0,0,0,0,0,0,0,0,0,0,0,
1,0,0,0,0,0,0,0,0,0,0,0,0,0,0,0,0,0,0,0,0,0,0,0,0,0,0,0,0,0,0,0,0,0,0,0,4094,0,0,0,0,0,0,0,0,0,0,0,0,0,0,0,2620,0,0,0,0,0,0,0,0,0,0,0,0,
1,0,0,0,0,0,0,0,0,0,0,0,0,0,0,0,0,0,0,0,4094,0,0,0,0,0,0,0,0,0,0,0,0,0,0,0,2620,0,0,0,0,0,0,0,0,0,0,0,0,0,0,0,1474,0,0,0,0,0,0,0,0,0,0,0,0,
1,0,0,0,4094,0,0,0,0,0,0,0,0,0,0,0,0,0,0,0,2620,0,0,0,0,0,0,0,0,0,0,0,0,0,0,0,1474,0,0,0,0,0,0,0,0,0,0,0,0,0,0,0,655,0,0,0,0,0,0,0,0,0,0,0,0,
1,0,0,0,4094,0,0,0,0,0,0,0,0,0,0,0,0,0,0,0,1474,0,0,0,0,0,0,0,0,0,0,0,0,0,0,0,655,0,0,0,0,0,0,0,0,0,0,0,0,0,0,0,164,0,0,0,0,0,0,0,0,0,0,0,0,
1,0,0,0,4094,0,0,0,0,0,0,0,0,0,0,0,0,0,0,0,655,0,0,0,0,0,0,0,0,0,0,0,0,0,0,0,164,0,0,0,0,0,0,0,0,0,0,0,0,0,0,0,0,0,0,0,0,0,0,4094,0,0,0,0,0,
1,0,0,0,4094,0,0,0,0,0,0,0,0,0,0,0,0,0,0,0,164,0,0,0,0,0,0,0,0,0,0,0,0,0,0,0,0,0,0,0,0,0,0,4094,0,0,0,0,0,0,0,0,0,0,0,0,0,0,0,2620,0,0,0,0,0,
1,0,0,0,4094,0,0,0,0,0,0,0,0,0,0,0,0,0,0,0,0,0,0,0,0,0,0,4094,0,0,0,0,0,0,0,0,0,0,0,0,0,0,0,2620,0,0,0,0,0,0,0,0,0,0,0,0,0,0,0,1474,0,0,0,0,0,
1,0,0,0,4094,0,0,0,0,0,0,4094,0,0,0,0,0,0,0,0,0,0,0,0,0,0,0,2620,0,0,0,0,0,0,0,0,0,0,0,0,0,0,0,1474,0,0,0,0,0,0,0,0,0,0,0,0,0,0,0,655,0,0,0,0,0,
1,0,0,0,4094,0,0,0,0,0,0,4094,0,0,0,0,0,0,0,0,0,0,0,0,0,0,0,1474,0,0,0,0,0,0,0,0,0,0,0,0,0,0,0,655,0,0,0,0,0,0,0,0,0,0,0,0,0,0,0,164,0,0,0,0,0,
1,0,0,0,4094,0,0,0,0,0,0,4094,0,0,0,0,0,0,0,0,0,0,0,0,0,0,0,655,0,0,0,0,0,0,0,0,0,0,0,0,0,0,0,164,0,0,0,0,0,0,0,0,0,0,4094,0,0,0,0,0,0,0,0,0,0,
1,0,0,0,4094,0,0,0,0,0,0,4094,0,0,0,0,0,0,0,0,0,0,0,0,0,0,0,164,0,0,0,0,0,0,0,0,0,0,4094,0,0,0,0,0,0,0,0,0,0,0,0,0,0,0,2620,0,0,0,0,0,0,0,0,0,0,
1,0,0,0,4094,0,0,0,0,0,0,4094,0,0,0,0,0,0,0,0,0,0,4094,0,0,0,0,0,0,0,0,0,0,0,0,0,0,0,2620,0,0,0,0,0,0,0,0,0,0,0,0,0,0,0,1474,0,0,0,0,0,0,0,0,0,0,
1,0,0,0,4094,0,4094,0,0,0,0,4094,0,0,0,0,0,0,0,0,0,0,2620,0,0,0,0,0,0,0,0,0,0,0,0,0,0,0,1474,0,0,0,0,0,0,0,0,0,0,0,0,0,0,0,655,0,0,0,0,0,0,0,0,0,0,
1,0,0,0,4094,0,4094,0,0,0,0,4094,0,0,0,0,0,0,0,0,0,0,1474,0,0,0,0,0,0,0,0,0,0,0,0,0,0,0,655,0,0,0,0,0,0,0,0,0,0,0,0,0,0,0,164,0,0,0,0,0,0,0,0,0,0,
1,0,0,0,4094,0,4094,0,0,0,0,4094,0,0,0,0,0,0,0,0,0,0,655,0,0,0,0,0,0,0,0,0,0,0,0,0,0,0,164,0,0,0,0,0,0,0,0,0,0,0,0,0,0,0,0,0,0,0,0,0,0,4094,0,0,0,
1,0,0,0,4094,0,4094,0,0,0,0,4094,0,0,0,0,0,0,0,0,0,0,164,0,0,0,0,0,0,0,0,0,0,0,0,0,0,0,0,0,0,0,0,0,0,4094,0,0,0,0,0,0,0,0,0,0,0,0,0,0,0,2620,0,0,0,
1,0,0,0,4094,0,4094,0,0,0,0,4094,0,0,0,0,0,0,0,0,0,0,0,0,0,0,0,0,0,4094,0,0,0,0,0,0,0,0,0,0,0,0,0,0,0,2620,0,0,0,0,0,0,0,0,0,0,0,0,0,0,0,1474,0,0,0,
1,0,0,0,4094,0,4094,0,0,0,0,4094,0,4094,0,0,0,0,0,0,0,0,0,0,0,0,0,0,0,2620,0,0,0,0,0,0,0,0,0,0,0,0,0,0,0,1474,0,0,0,0,0,0,0,0,0,0,0,0,0,0,0,655,0,0,0,
1,0,0,0,4094,0,4094,0,0,0,0,4094,0,4094,0,0,0,0,0,0,0,0,0,0,0,0,0,0,0,1474,0,0,0,0,0,0,0,0,0,0,0,0,0,0,0,655,0,0,0,0,0,0,0,0,0,0,0,0,0,0,0,164,0,0,0,
1,0,0,0,4094,0,4094,0,0,0,0,4094,0,4094,0,0,0,0,0,0,0,0,0,0,0,0,0,0,0,655,0,0,0,0,0,0,0,0,0,0,0,0,0,0,0,164,0,0,0,0,4094,0,0,0,0,0,0,0,0,0,0,0,0,0,0,
1,0,0,0,4094,0,4094,0,0,0,0,4094,0,4094,0,0,0,0,0,0,0,0,0,0,0,0,0,0,0,164,0,0,0,0,4094,0,0,0,0,0,0,0,0,0,0,0,0,0,0,0,2620,0,0,0,0,0,0,0,0,0,0,0,0,0,0,
1,0,0,0,4094,0,4094,0,0,0,0,4094,0,4094,0,0,0,0,4094,0,0,0,0,0,0,0,0,0,0,0,0,0,0,0,2620,0,0,0,0,0,0,0,0,0,0,0,0,0,0,0,1474,0,0,0,0,0,0,0,0,0,0,0,0,0,0,
1,0,4094,0,4094,0,4094,0,0,0,0,4094,0,4094,0,0,0,0,2620,0,0,0,0,0,0,0,0,0,0,0,0,0,0,0,1474,0,0,0,0,0,0,0,0,0,0,0,0,0,0,0,655,0,0,0,0,0,0,0,0,0,0,0,0,0,0,
1,0,4094,0,4094,0,4094,0,0,0,0,4094,0,4094,0,0,0,0,1474,0,0,0,0,0,0,0,0,0,0,0,0,0,0,0,655,0,0,0,0,0,0,0,0,0,0,0,0,0,0,0,164,0,0,0,0,0,0,0,0,0,0,0,0,0,0,
1,0,4094,0,4094,0,4094,0,0,0,0,4094,0,4094,0,0,0,0,655,0,0,0,0,0,0,0,0,0,0,0,0,0,0,0,164,0,0,0,0,0,0,0,0,0,0,0,0,0,0,0,0,0,0,0,0,0,0,0,0,0,0,0,0,0,4094,
1,0,4094,0,4094,0,4094,0,0,0,0,4094,0,4094,0,0,0,0,164,0,0,0,0,0,0,0,0,0,0,0,0,0,0,0,0,0,0,0,0,0,0,0,0,0,0,0,0,0,4094,0,0,0,0,0,0,0,0,0,0,0,0,0,0,0,2620,
1,0,4094,0,4094,0,4094,0,0,0,0,4094,0,4094,0,0,0,0,0,0,0,0,0,0,0,0,0,0,0,0,0,0,4094,0,0,0,0,0,0,0,0,0,0,0,0,0,0,0,2620,0,0,0,0,0,0,0,0,0,0,0,0,0,0,0,1474,
1,0,4094,0,4094,0,4094,0,0,0,0,4094,0,4094,0,0,4094,0,0,0,0,0,0,0,0,0,0,0,0,0,0,0,2620,0,0,0,0,0,0,0,0,0,0,0,0,0,0,0,1474,0,0,0,0,0,0,0,0,0,0,0,0,0,0,0,655,
1,0,4094,0,4094,0,4094,0,0,0,0,4094,0,4094,0,0,4094,0,0,0,0,0,0,0,0,0,0,0,0,0,0,0,1474,0,0,0,0,0,0,0,0,0,0,0,0,0,0,0,655,0,0,0,0,0,0,0,0,0,0,0,0,0,0,0,164,
1,0,4094,0,4094,0,4094,0,0,0,0,4094,0,4094,0,0,4094,0,0,0,0,0,0,0,0,0,0,0,0,0,0,0,655,0,0,0,0,0,0,0,0,0,0,0,0,0,0,0,164,0,0,0,0,4094,0,0,0,0,0,0,0,0,0,0,0,
1,0,4094,0,4094,0,4094,0,0,0,0,4094,0,4094,0,0,4094,0,0,0,0,0,0,0,0,0,0,0,0,0,0,0,164,0,0,0,0,4094,0,0,0,0,0,0,0,0,0,0,0,0,0,0,0,2620,0,0,0,0,0,0,0,0,0,0,0,
1,0,4094,0,4094,0,4094,0,0,0,0,4094,0,4094,0,0,4094,0,0,0,0,4094,0,0,0,0,0,0,0,0,0,0,0,0,0,0,0,2620,0,0,0,0,0,0,0,0,0,0,0,0,0,0,0,1474,0,0,0,0,0,0,0,0,0,0,0,
1,0,4094,0,4094,4094,4094,0,0,0,0,4094,0,4094,0,0,4094,0,0,0,0,2620,0,0,0,0,0,0,0,0,0,0,0,0,0,0,0,1474,0,0,0,0,0,0,0,0,0,0,0,0,0,0,0,655,0,0,0,0,0,0,0,0,0,0,0,
1,0,4094,0,4094,4094,4094,0,0,0,0,4094,0,4094,0,0,4094,0,0,0,0,1474,0,0,0,0,0,0,0,0,0,0,0,0,0,0,0,655,0,0,0,0,0,0,0,0,0,0,0,0,0,0,0,164,0,0,0,0,0,0,0,0,0,0,0,
1,0,4094,0,4094,4094,4094,0,0,0,0,4094,0,4094,0,0,4094,0,0,0,0,655,0,0,0,0,0,0,0,0,0,0,0,0,0,0,0,164,0,0,0,0,0,0,0,0,0,0,0,0,0,0,0,0,0,4094,0,0,0,0,0,0,0,0,0,
1,0,4094,0,4094,4094,4094,0,0,0,0,4094,0,4094,0,0,4094,0,0,0,0,164,0,0,0,0,0,0,0,0,0,0,0,0,0,0,0,0,0,4094,0,0,0,0,0,0,0,0,0,0,0,0,0,0,0,2620,0,0,0,0,0,0,0,0,0,
1,0,4094,0,4094,4094,4094,0,0,0,0,4094,0,4094,0,0,4094,0,0,0,0,0,0,4094,0,0,0,0,0,0,0,0,0,0,0,0,0,0,0,2620,0,0,0,0,0,0,0,0,0,0,0,0,0,0,0,1474,0,0,0,0,0,0,0,0,0,
1,0,4094,0,4094,4094,4094,4094,0,0,0,4094,0,4094,0,0,4094,0,0,0,0,0,0,2620,0,0,0,0,0,0,0,0,0,0,0,0,0,0,0,1474,0,0,0,0,0,0,0,0,0,0,0,0,0,0,0,655,0,0,0,0,0,0,0,0,0,
1,0,4094,0,4094,4094,4094,4094,0,0,0,4094,0,4094,0,0,4094,0,0,0,0,0,0,1474,0,0,0,0,0,0,0,0,0,0,0,0,0,0,0,655,0,0,0,0,0,0,0,0,0,0,0,0,0,0,0,164,0,0,0,0,0,0,0,0,0,
1,0,4094,0,4094,4094,4094,4094,0,0,0,4094,0,4094,0,0,4094,0,0,0,0,0,0,655,0,0,0,0,0,0,0,0,0,0,0,0,0,0,0,164,0,0,0,0,0,0,0,0,0,0,0,0,0,0,0,0,0,0,4094,0,0,0,0,0,0,
1,0,4094,0,4094,4094,4094,4094,0,0,0,4094,0,4094,0,0,4094,0,0,0,0,0,0,164,0,0,0,0,0,0,0,0,0,0,0,0,0,0,0,0,0,0,4094,0,0,0,0,0,0,0,0,0,0,0,0,0,0,0,2620,0,0,0,0,0,0,
1,0,4094,0,4094,4094,4094,4094,0,0,0,4094,0,4094,0,0,4094,0,0,0,0,0,0,0,0,0,4094,0,0,0,0,0,0,0,0,0,0,0,0,0,0,0,2620,0,0,0,0,0,0,0,0,0,0,0,0,0,0,0,1474,0,0,0,0,0,0,
1,0,4094,0,4094,4094,4094,4094,0,0,4094,4094,0,4094,0,0,4094,0,0,0,0,0,0,0,0,0,2620,0,0,0,0,0,0,0,0,0,0,0,0,0,0,0,1474,0,0,0,0,0,0,0,0,0,0,0,0,0,0,0,655,0,0,0,0,0,0,
1,0,4094,0,4094,4094,4094,4094,0,0,4094,4094,0,4094,0,0,4094,0,0,0,0,0,0,0,0,0,1474,0,0,0,0,0,0,0,0,0,0,0,0,0,0,0,655,0,0,0,0,0,0,0,0,0,0,0,0,0,0,0,164,0,0,0,0,0,0,
1,0,4094,0,4094,4094,4094,4094,0,0,4094,4094,0,4094,0,0,4094,0,0,0,0,0,0,0,0,0,655,0,0,0,0,0,0,0,0,0,0,0,0,0,0,0,164,0,0,0,0,0,0,0,0,0,0,0,0,0,4094,0,0,0,0,0,0,0,0,
1,0,4094,0,4094,4094,4094,4094,0,0,4094,4094,0,4094,0,0,4094,0,0,0,0,0,0,0,0,0,164,0,0,0,0,0,0,0,0,0,0,0,0,0,4094,0,0,0,0,0,0,0,0,0,0,0,0,0,0,0,2620,0,0,0,0,0,0,0,0,
1,0,4094,0,4094,4094,4094,4094,0,0,4094,4094,0,4094,0,0,4094,0,0,0,0,0,0,0,4094,0,0,0,0,0,0,0,0,0,0,0,0,0,0,0,2620,0,0,0,0,0,0,0,0,0,0,0,0,0,0,0,1474,0,0,0,0,0,0,0,0,
1,0,4094,0,4094,4094,4094,4094,4094,0,4094,4094,0,4094,0,0,4094,0,0,0,0,0,0,0,2620,0,0,0,0,0,0,0,0,0,0,0,0,0,0,0,1474,0,0,0,0,0,0,0,0,0,0,0,0,0,0,0,655,0,0,0,0,0,0,0,0,
1,0,4094,0,4094,4094,4094,4094,4094,0,4094,4094,0,4094,0,0,4094,0,0,0,0,0,0,0,1474,0,0,0,0,0,0,0,0,0,0,0,0,0,0,0,655,0,0,0,0,0,0,0,0,0,0,0,0,0,0,0,164,0,0,0,0,0,0,0,0,
1,0,4094,0,4094,4094,4094,4094,4094,0,4094,4094,0,4094,0,0,4094,0,0,0,0,0,0,0,655,0,0,0,0,0,0,0,0,0,0,0,0,0,0,0,164,0,0,0,0,0,0,0,0,0,0,0,0,0,0,0,0,0,0,0,0,0,0,4094,0,
1,0,4094,0,4094,4094,4094,4094,4094,0,4094,4094,0,4094,0,0,4094,0,0,0,0,0,0,0,164,0,0,0,0,0,0,0,0,0,0,0,0,0,0,0,0,0,0,0,0,0,0,4094,0,0,0,0,0,0,0,0,0,0,0,0,0,0,0,2620,0,
1,0,4094,0,4094,4094,4094,4094,4094,0,4094,4094,0,4094,0,0,4094,0,0,0,0,0,0,0,0,0,0,0,0,0,0,4094,0,0,0,0,0,0,0,0,0,0,0,0,0,0,0,2620,0,0,0,0,0,0,0,0,0,0,0,0,0,0,0,1474,0,
1,0,4094,0,4094,4094,4094,4094,4094,0,4094,4094,0,4094,0,4094,4094,0,0,0,0,0,0,0,0,0,0,0,0,0,0,2620,0,0,0,0,0,0,0,0,0,0,0,0,0,0,0,1474,0,0,0,0,0,0,0,0,0,0,0,0,0,0,0,655,0,
1,0,4094,0,4094,4094,4094,4094,4094,0,4094,4094,0,4094,0,4094,4094,0,0,0,0,0,0,0,0,0,0,0,0,0,0,1474,0,0,0,0,0,0,0,0,0,0,0,0,0,0,0,655,0,0,0,0,0,0,0,0,0,0,0,0,0,0,0,164,0,
1,0,4094,0,4094,4094,4094,4094,4094,0,4094,4094,0,4094,0,4094,4094,0,0,0,0,0,0,0,0,0,0,0,0,0,0,655,0,0,0,0,0,0,0,0,0,0,0,0,0,0,0,164,0,0,0,0,0,0,0,0,0,0,0,0,4094,0,0,0,0,
1,0,4094,0,4094,4094,4094,4094,4094,0,4094,4094,0,4094,0,4094,4094,0,0,0,0,0,0,0,0,0,0,0,0,0,0,164,0,0,0,0,0,0,0,0,0,0,0,0,4094,0,0,0,0,0,0,0,0,0,0,0,0,0,0,0,2620,0,0,0,0,
1,0,4094,0,4094,4094,4094,4094,4094,0,4094,4094,0,4094,0,4094,4094,0,0,0,0,0,0,0,0,0,0,0,4094,0,0,0,0,0,0,0,0,0,0,0,0,0,0,0,2620,0,0,0,0,0,0,0,0,0,0,0,0,0,0,0,1474,0,0,0,0,
1,0,4094,0,4094,4094,4094,4094,4094,0,4094,4094,4094,4094,0,4094,4094,0,0,0,0,0,0,0,0,0,0,0,2620,0,0,0,0,0,0,0,0,0,0,0,0,0,0,0,1474,0,0,0,0,0,0,0,0,0,0,0,0,0,0,0,655,0,0,0,0,
1,0,4094,0,4094,4094,4094,4094,4094,0,4094,4094,4094,4094,0,4094,4094,0,0,0,0,0,0,0,0,0,0,0,1474,0,0,0,0,0,0,0,0,0,0,0,0,0,0,0,655,0,0,0,0,0,0,0,0,0,0,0,0,0,0,0,164,0,0,0,0,
1,0,4094,0,4094,4094,4094,4094,4094,0,4094,4094,4094,4094,0,4094,4094,0,0,0,0,0,0,0,0,0,0,0,655,0,0,0,0,0,0,0,0,0,0,0,0,0,0,0,164,0,0,0,0,0,0,0,0,0,0,0,0,4094,0,0,0,0,0,0,0,
1,0,4094,0,4094,4094,4094,4094,4094,0,4094,4094,4094,4094,0,4094,4094,0,0,0,0,0,0,0,0,0,0,0,164,0,0,0,0,0,0,0,0,0,0,0,0,4094,0,0,0,0,0,0,0,0,0,0,0,0,0,0,0,2620,0,0,0,0,0,0,0,
1,0,4094,0,4094,4094,4094,4094,4094,0,4094,4094,4094,4094,0,4094,4094,0,0,0,0,0,0,0,0,4094,0,0,0,0,0,0,0,0,0,0,0,0,0,0,0,2620,0,0,0,0,0,0,0,0,0,0,0,0,0,0,0,1474,0,0,0,0,0,0,0,
1,0,4094,0,4094,4094,4094,4094,4094,4094,4094,4094,4094,4094,0,4094,4094,0,0,0,0,0,0,0,0,2620,0,0,0,0,0,0,0,0,0,0,0,0,0,0,0,1474,0,0,0,0,0,0,0,0,0,0,0,0,0,0,0,655,0,0,0,0,0,0,0,
1,0,4094,0,4094,4094,4094,4094,4094,4094,4094,4094,4094,4094,0,4094,4094,0,0,0,0,0,0,0,0,1474,0,0,0,0,0,0,0,0,0,0,0,0,0,0,0,655,0,0,0,0,0,0,0,0,0,0,0,0,0,0,0,164,0,0,0,0,0,0,0,
1,0,4094,0,4094,4094,4094,4094,4094,4094,4094,4094,4094,4094,0,4094,4094,0,0,0,0,0,0,0,0,655,0,0,0,0,0,0,0,0,0,0,0,0,0,0,0,164,0,0,0,0,0,0,0,0,0,4094,0,0,0,0,0,0,0,0,0,0,0,0,0,
1,0,4094,0,4094,4094,4094,4094,4094,4094,4094,4094,4094,4094,0,4094,4094,0,0,0,0,0,0,0,0,164,0,0,0,0,0,0,0,0,0,4094,0,0,0,0,0,0,0,0,0,0,0,0,0,0,0,2620,0,0,0,0,0,0,0,0,0,0,0,0,0,
1,0,4094,0,4094,4094,4094,4094,4094,4094,4094,4094,4094,4094,0,4094,4094,0,0,4094,0,0,0,0,0,0,0,0,0,0,0,0,0,0,0,2620,0,0,0,0,0,0,0,0,0,0,0,0,0,0,0,1474,0,0,0,0,0,0,0,0,0,0,0,0,0,
1,0,4094,4094,4094,4094,4094,4094,4094,4094,4094,4094,4094,4094,0,4094,4094,0,0,2620,0,0,0,0,0,0,0,0,0,0,0,0,0,0,0,1474,0,0,0,0,0,0,0,0,0,0,0,0,0,0,0,655,0,0,0,0,0,0,0,0,0,0,0,0,0,
1,0,4094,4094,4094,4094,4094,4094,4094,4094,4094,4094,4094,4094,0,4094,4094,0,0,1474,0,0,0,0,0,0,0,0,0,0,0,0,0,0,0,655,0,0,0,0,0,0,0,0,0,0,0,0,0,0,0,164,0,0,0,0,0,0,0,0,0,0,0,0,0,
1,0,4094,4094,4094,4094,4094,4094,4094,4094,4094,4094,4094,4094,0,4094,4094,0,0,655,0,0,0,0,0,0,0,0,0,0,0,0,0,0,0,164,0,0,0,0,0,0,0,0,0,0,0,0,0,4094,0,0,0,0,0,0,0,0,0,0,0,0,0,0,0,
1,0,4094,4094,4094,4094,4094,4094,4094,4094,4094,4094,4094,4094,0,4094,4094,0,0,164,0,0,0,0,0,0,0,0,0,0,0,0,0,4094,0,0,0,0,0,0,0,0,0,0,0,0,0,0,0,2620,0,0,0,0,0,0,0,0,0,0,0,0,0,0,0,
1,0,4094,4094,4094,4094,4094,4094,4094,4094,4094,4094,4094,4094,0,4094,4094,4094,0,0,0,0,0,0,0,0,0,0,0,0,0,0,0,2620,0,0,0,0,0,0,0,0,0,0,0,0,0,0,0,1474,0,0,0,0,0,0,0,0,0,0,0,0,0,0,0,
1,4094,4094,4094,4094,4094,4094,4094,4094,4094,4094,4094,4094,4094,0,4094,4094,2620,0,0,0,0,0,0,0,0,0,0,0,0,0,0,0,1474,0,0,0,0,0,0,0,0,0,0,0,0,0,0,0,655,0,0,0,0,0,0,0,0,0,0,0,0,0,0,0,
1,4094,4094,4094,4094,4094,4094,4094,4094,4094,4094,4094,4094,4094,0,4094,4094,1474,0,0,0,0,0,0,0,0,0,0,0,0,0,0,0,655,0,0,0,0,0,0,0,0,0,0,0,0,0,0,0,164,0,0,0,0,0,0,0,0,0,0,0,0,0,0,0,
1,4094,4094,4094,4094,4094,4094,4094,4094,4094,4094,4094,4094,4094,0,4094,4094,655,0,0,0,0,0,0,0,0,0,0,0,0,0,0,0,164,0,0,0,0,0,0,0,0,0,0,0,0,0,0,0,0,0,0,0,0,0,0,0,0,0,0,0,0,4094,0,0,
1,4094,4094,4094,4094,4094,4094,4094,4094,4094,4094,4094,4094,4094,0,4094,4094,164,0,0,0,0,0,0,0,0,0,0,0,0,0,0,0,0,0,0,0,0,0,0,0,0,0,0,0,0,4094,0,0,0,0,0,0,0,0,0,0,0,0,0,0,0,2620,0,0,
1,4094,4094,4094,4094,4094,4094,4094,4094,4094,4094,4094,4094,4094,0,4094,4094,0,0,0,0,0,0,0,0,0,0,0,0,0,4094,0,0,0,0,0,0,0,0,0,0,0,0,0,0,0,2620,0,0,0,0,0,0,0,0,0,0,0,0,0,0,0,1474,0,0,
1,4094,4094,4094,4094,4094,4094,4094,4094,4094,4094,4094,4094,4094,4094,4094,4094,0,0,0,0,0,0,0,0,0,0,0,0,0,2620,0,0,0,0,0,0,0,0,0,0,0,0,0,0,0,1474,0,0,0,0,0,0,0,0,0,0,0,0,0,0,0,655,0,0,
1,4094,4094,4094,4094,4094,4094,4094,4094,4094,4094,4094,4094,4094,4094,4094,4094,0,0,0,0,0,0,0,0,0,0,0,0,0,1474,0,0,0,0,0,0,0,0,0,0,0,0,0,0,0,655,0,0,0,0,0,0,0,0,0,0,0,0,0,0,0,164,0,0,
1,4094,4094,4094,4094,4094,4094,4094,4094,4094,4094,4094,4094,4094,4094,4094,4094,0,0,0,0,0,0,0,0,0,0,0,0,0,655,0,0,0,0,0,0,0,0,0,0,0,0,0,0,0,164,0,0,0,0,0,0,0,0,0,0,0,0,0,0,0,0,0,0,
1,4094,4094,4094,4094,4094,4094,4094,4094,4094,4094,4094,4094,4094,4094,4094,4094,0,0,0,0,0,0,0,0,0,0,0,0,0,164,0,0,0,0,0,0,0,0,0,0,0,0,0,0,0,0,0,0,0,0,0,0,0,0,0,0,0,0,0,0,0,0,0,0,
1,4094,4094,4094,4094,4094,4094,4094,4094,4094,4094,4094,4094,4094,4094,4094,4094,0,0,0,0,0,0,0,0,0,0,0,0,0,0,0,0,0,0,0,0,0,0,0,0,0,0,0,0,0,0,0,0,0,0,0,0,0,0,0,0,0,0,0,0,0,0,0,0,
1,3008,3008,3008,3008,3008,3008,3008,3008,3008,3008,3008,3008,3008,3008,3008,3008,0,0,0,0,0,0,0,0,0,0,0,0,0,0,0,0,0,0,0,0,0,0,0,0,0,0,0,0,0,0,0,0,0,0,0,0,0,0,0,0,0,0,0,0,0,0,0,0,
1,2089,2089,2089,2089,2089,2089,2089,2089,2089,2089,2089,2089,2089,2089,2089,2089,0,0,0,0,0,0,0,0,0,0,0,0,0,0,0,0,0,0,0,0,0,0,0,0,0,0,0,0,0,0,0,0,0,0,0,0,0,0,0,0,0,0,0,0,0,0,0,0,
1,1337,1337,1337,1337,1337,1337,1337,1337,1337,1337,1337,1337,1337,1337,1337,1337,0,0,0,0,0,0,0,0,0,0,0,0,0,0,0,0,0,0,0,0,0,0,0,0,0,0,0,0,0,0,0,0,0,0,0,0,0,0,0,0,0,0,0,0,0,0,0,0,
1,752,752,752,752,752,752,752,752,752,752,752,752,752,752,752,752,0,0,0,0,0,0,0,0,0,0,0,0,0,0,0,0,0,0,0,0,0,0,0,0,0,0,0,0,0,0,0,0,0,0,0,0,0,0,0,0,0,0,0,0,0,0,0,0,
1,334,334,334,334,334,334,334,334,334,334,334,334,334,334,334,334,0,0,0,0,0,0,0,0,0,0,0,0,0,0,0,0,0,0,0,0,0,0,0,0,0,0,0,0,0,0,0,0,0,0,0,0,0,0,0,0,0,0,0,0,0,0,0,0,
1,84,84,84,84,84,84,84,84,84,84,84,84,84,84,84,84,0,0,0,0,0,0,0,0,0,0,0,0,0,0,0,0,0,0,0,0,0,0,0,0,0,0,0,0,0,0,0,0,0,0,0,0,0,0,0,0,0,0,0,0,0,0,0,0,
1,0,0,0,0,0,0,0,0,0,0,0,0,0,0,0,0,0,0,0,0,0,0,0,0,0,0,0,0,0,0,0,0,0,0,0,0,0,0,0,0,0,0,0,0,0,0,0,0,0,0,0,0,0,0,0,0,0,0,0,0,0,0,0,0,
1,0,0,0,0,0,0,0,0,0,0,0,0,0,0,0,0,84,84,84,84,84,84,84,84,84,84,84,84,84,84,84,84,0,0,0,0,0,0,0,0,0,0,0,0,0,0,0,0,0,0,0,0,0,0,0,0,0,0,0,0,0,0,0,0,
1,0,0,0,0,0,0,0,0,0,0,0,0,0,0,0,0,334,334,334,334,334,334,334,334,334,334,334,334,334,334,334,334,0,0,0,0,0,0,0,0,0,0,0,0,0,0,0,0,0,0,0,0,0,0,0,0,0,0,0,0,0,0,0,0,
1,0,0,0,0,0,0,0,0,0,0,0,0,0,0,0,0,752,752,752,752,752,752,752,752,752,752,752,752,752,752,752,752,0,0,0,0,0,0,0,0,0,0,0,0,0,0,0,0,0,0,0,0,0,0,0,0,0,0,0,0,0,0,0,0,
1,0,0,0,0,0,0,0,0,0,0,0,0,0,0,0,0,1337,1337,1337,1337,1337,1337,1337,1337,1337,1337,1337,1337,1337,1337,1337,1337,0,0,0,0,0,0,0,0,0,0,0,0,0,0,0,0,0,0,0,0,0,0,0,0,0,0,0,0,0,0,0,0,
1,0,0,0,0,0,0,0,0,0,0,0,0,0,0,0,0,2089,2089,2089,2089,2089,2089,2089,2089,2089,2089,2089,2089,2089,2089,2089,2089,0,0,0,0,0,0,0,0,0,0,0,0,0,0,0,0,0,0,0,0,0,0,0,0,0,0,0,0,0,0,0,0,
1,0,0,0,0,0,0,0,0,0,0,0,0,0,0,0,0,3008,3008,3008,3008,3008,3008,3008,3008,3008,3008,3008,3008,3008,3008,3008,3008,0,0,0,0,0,0,0,0,0,0,0,0,0,0,0,0,0,0,0,0,0,0,0,0,0,0,0,0,0,0,0,0,
1,0,0,0,0,0,0,0,0,0,0,0,0,0,0,0,0,4094,4094,4094,4094,4094,4094,4094,4094,4094,4094,4094,4094,4094,4094,4094,4094,0,0,0,0,0,0,0,0,0,0,0,0,0,0,0,0,0,0,0,0,0,0,0,0,0,0,0,0,0,0,0,0,
1,0,0,0,0,0,0,0,0,0,0,0,0,0,0,0,0,3008,3008,3008,3008,3008,3008,3008,3008,3008,3008,3008,3008,3008,3008,3008,3008,0,0,0,0,0,0,0,0,0,0,0,0,0,0,0,0,0,0,0,0,0,0,0,0,0,0,0,0,0,0,0,0,
1,0,0,0,0,0,0,0,0,0,0,0,0,0,0,0,0,2089,2089,2089,2089,2089,2089,2089,2089,2089,2089,2089,2089,2089,2089,2089,2089,0,0,0,0,0,0,0,0,0,0,0,0,0,0,0,0,0,0,0,0,0,0,0,0,0,0,0,0,0,0,0,0,
1,0,0,0,0,0,0,0,0,0,0,0,0,0,0,0,0,1337,1337,1337,1337,1337,1337,1337,1337,1337,1337,1337,1337,1337,1337,1337,1337,0,0,0,0,0,0,0,0,0,0,0,0,0,0,0,0,0,0,0,0,0,0,0,0,0,0,0,0,0,0,0,0,
1,0,0,0,0,0,0,0,0,0,0,0,0,0,0,0,0,752,752,752,752,752,752,752,752,752,752,752,752,752,752,752,752,0,0,0,0,0,0,0,0,0,0,0,0,0,0,0,0,0,0,0,0,0,0,0,0,0,0,0,0,0,0,0,0,
1,0,0,0,0,0,0,0,0,0,0,0,0,0,0,0,0,334,334,334,334,334,334,334,334,334,334,334,334,334,334,334,334,0,0,0,0,0,0,0,0,0,0,0,0,0,0,0,0,0,0,0,0,0,0,0,0,0,0,0,0,0,0,0,0,
1,0,0,0,0,0,0,0,0,0,0,0,0,0,0,0,0,84,84,84,84,84,84,84,84,84,84,84,84,84,84,84,84,0,0,0,0,0,0,0,0,0,0,0,0,0,0,0,0,0,0,0,0,0,0,0,0,0,0,0,0,0,0,0,0,
1,0,0,0,0,0,0,0,0,0,0,0,0,0,0,0,0,0,0,0,0,0,0,0,0,0,0,0,0,0,0,0,0,0,0,0,0,0,0,0,0,0,0,0,0,0,0,0,0,0,0,0,0,0,0,0,0,0,0,0,0,0,0,0,0,
1,0,0,0,0,0,0,0,0,0,0,0,0,0,0,0,0,0,0,0,0,0,0,0,0,0,0,0,0,0,0,0,0,84,84,84,84,84,84,84,84,84,84,84,84,84,84,84,84,0,0,0,0,0,0,0,0,0,0,0,0,0,0,0,0,
1,0,0,0,0,0,0,0,0,0,0,0,0,0,0,0,0,0,0,0,0,0,0,0,0,0,0,0,0,0,0,0,0,334,334,334,334,334,334,334,334,334,334,334,334,334,334,334,334,0,0,0,0,0,0,0,0,0,0,0,0,0,0,0,0,
1,0,0,0,0,0,0,0,0,0,0,0,0,0,0,0,0,0,0,0,0,0,0,0,0,0,0,0,0,0,0,0,0,752,752,752,752,752,752,752,752,752,752,752,752,752,752,752,752,0,0,0,0,0,0,0,0,0,0,0,0,0,0,0,0,
1,0,0,0,0,0,0,0,0,0,0,0,0,0,0,0,0,0,0,0,0,0,0,0,0,0,0,0,0,0,0,0,0,1337,1337,1337,1337,1337,1337,1337,1337,1337,1337,1337,1337,1337,1337,1337,1337,0,0,0,0,0,0,0,0,0,0,0,0,0,0,0,0,
1,0,0,0,0,0,0,0,0,0,0,0,0,0,0,0,0,0,0,0,0,0,0,0,0,0,0,0,0,0,0,0,0,2089,2089,2089,2089,2089,2089,2089,2089,2089,2089,2089,2089,2089,2089,2089,2089,0,0,0,0,0,0,0,0,0,0,0,0,0,0,0,0,
1,0,0,0,0,0,0,0,0,0,0,0,0,0,0,0,0,0,0,0,0,0,0,0,0,0,0,0,0,0,0,0,0,3008,3008,3008,3008,3008,3008,3008,3008,3008,3008,3008,3008,3008,3008,3008,3008,0,0,0,0,0,0,0,0,0,0,0,0,0,0,0,0,
1,0,0,0,0,0,0,0,0,0,0,0,0,0,0,0,0,0,0,0,0,0,0,0,0,0,0,0,0,0,0,0,0,4094,4094,4094,4094,4094,4094,4094,4094,4094,4094,4094,4094,4094,4094,4094,4094,0,0,0,0,0,0,0,0,0,0,0,0,0,0,0,0,
1,0,0,0,0,0,0,0,0,0,0,0,0,0,0,0,0,0,0,0,0,0,0,0,0,0,0,0,0,0,0,0,0,3008,3008,3008,3008,3008,3008,3008,3008,3008,3008,3008,3008,3008,3008,3008,3008,0,0,0,0,0,0,0,0,0,0,0,0,0,0,0,0,
1,0,0,0,0,0,0,0,0,0,0,0,0,0,0,0,0,0,0,0,0,0,0,0,0,0,0,0,0,0,0,0,0,2089,2089,2089,2089,2089,2089,2089,2089,2089,2089,2089,2089,2089,2089,2089,2089,0,0,0,0,0,0,0,0,0,0,0,0,0,0,0,0,
1,0,0,0,0,0,0,0,0,0,0,0,0,0,0,0,0,0,0,0,0,0,0,0,0,0,0,0,0,0,0,0,0,1337,1337,1337,1337,1337,1337,1337,1337,1337,1337,1337,1337,1337,1337,1337,1337,0,0,0,0,0,0,0,0,0,0,0,0,0,0,0,0,
1,0,0,0,0,0,0,0,0,0,0,0,0,0,0,0,0,0,0,0,0,0,0,0,0,0,0,0,0,0,0,0,0,752,752,752,752,752,752,752,752,752,752,752,752,752,752,752,752,0,0,0,0,0,0,0,0,0,0,0,0,0,0,0,0,
1,0,0,0,0,0,0,0,0,0,0,0,0,0,0,0,0,0,0,0,0,0,0,0,0,0,0,0,0,0,0,0,0,334,334,334,334,334,334,334,334,334,334,334,334,334,334,334,334,0,0,0,0,0,0,0,0,0,0,0,0,0,0,0,0,
1,0,0,0,0,0,0,0,0,0,0,0,0,0,0,0,0,0,0,0,0,0,0,0,0,0,0,0,0,0,0,0,0,84,84,84,84,84,84,84,84,84,84,84,84,84,84,84,84,0,0,0,0,0,0,0,0,0,0,0,0,0,0,0,0,
1,0,0,0,0,0,0,0,0,0,0,0,0,0,0,0,0,0,0,0,0,0,0,0,0,0,0,0,0,0,0,0,0,0,0,0,0,0,0,0,0,0,0,0,0,0,0,0,0,0,0,0,0,0,0,0,0,0,0,0,0,0,0,0,0,
1,0,0,0,0,0,0,0,0,0,0,0,0,0,0,0,0,0,0,0,0,0,0,0,0,0,0,0,0,0,0,0,0,0,0,0,0,0,0,0,0,0,0,0,0,0,0,0,0,84,84,84,84,84,84,84,84,84,84,84,84,84,84,84,84,
1,0,0,0,0,0,0,0,0,0,0,0,0,0,0,0,0,0,0,0,0,0,0,0,0,0,0,0,0,0,0,0,0,0,0,0,0,0,0,0,0,0,0,0,0,0,0,0,0,334,334,334,334,334,334,334,334,334,334,334,334,334,334,334,334,
1,0,0,0,0,0,0,0,0,0,0,0,0,0,0,0,0,0,0,0,0,0,0,0,0,0,0,0,0,0,0,0,0,0,0,0,0,0,0,0,0,0,0,0,0,0,0,0,0,752,752,752,752,752,752,752,752,752,752,752,752,752,752,752,752,
1,0,0,0,0,0,0,0,0,0,0,0,0,0,0,0,0,0,0,0,0,0,0,0,0,0,0,0,0,0,0,0,0,0,0,0,0,0,0,0,0,0,0,0,0,0,0,0,0,1337,1337,1337,1337,1337,1337,1337,1337,1337,1337,1337,1337,1337,1337,1337,1337,
1,0,0,0,0,0,0,0,0,0,0,0,0,0,0,0,0,0,0,0,0,0,0,0,0,0,0,0,0,0,0,0,0,0,0,0,0,0,0,0,0,0,0,0,0,0,0,0,0,2089,2089,2089,2089,2089,2089,2089,2089,2089,2089,2089,2089,2089,2089,2089,2089,
1,0,0,0,0,0,0,0,0,0,0,0,0,0,0,0,0,0,0,0,0,0,0,0,0,0,0,0,0,0,0,0,0,0,0,0,0,0,0,0,0,0,0,0,0,0,0,0,0,3008,3008,3008,3008,3008,3008,3008,3008,3008,3008,3008,3008,3008,3008,3008,3008,
1,0,0,0,0,0,0,0,0,0,0,0,0,0,0,0,0,0,0,0,0,0,0,0,0,0,0,0,0,0,0,0,0,0,0,0,0,0,0,0,0,0,0,0,0,0,0,0,0,4094,4094,4094,4094,4094,4094,4094,4094,4094,4094,4094,4094,4094,4094,4094,4094,
1,0,0,0,0,0,0,0,0,0,0,0,0,0,0,0,0,0,0,0,0,0,0,0,0,0,0,0,0,0,0,0,0,0,0,0,0,0,0,0,0,0,0,0,0,0,0,0,0,3008,3008,3008,3008,3008,3008,3008,3008,3008,3008,3008,3008,3008,3008,3008,3008,
1,0,0,0,0,0,0,0,0,0,0,0,0,0,0,0,0,0,0,0,0,0,0,0,0,0,0,0,0,0,0,0,0,0,0,0,0,0,0,0,0,0,0,0,0,0,0,0,0,2089,2089,2089,2089,2089,2089,2089,2089,2089,2089,2089,2089,2089,2089,2089,2089,
1,0,0,0,0,0,0,0,0,0,0,0,0,0,0,0,0,0,0,0,0,0,0,0,0,0,0,0,0,0,0,0,0,0,0,0,0,0,0,0,0,0,0,0,0,0,0,0,0,1337,1337,1337,1337,1337,1337,1337,1337,1337,1337,1337,1337,1337,1337,1337,1337,
1,0,0,0,0,0,0,0,0,0,0,0,0,0,0,0,0,0,0,0,0,0,0,0,0,0,0,0,0,0,0,0,0,0,0,0,0,0,0,0,0,0,0,0,0,0,0,0,0,752,752,752,752,752,752,752,752,752,752,752,752,752,752,752,752,
1,0,0,0,0,0,0,0,0,0,0,0,0,0,0,0,0,0,0,0,0,0,0,0,0,0,0,0,0,0,0,0,0,0,0,0,0,0,0,0,0,0,0,0,0,0,0,0,0,334,334,334,334,334,334,334,334,334,334,334,334,334,334,334,334,
1,0,0,0,0,0,0,0,0,0,0,0,0,0,0,0,0,0,0,0,0,0,0,0,0,0,0,0,0,0,0,0,0,0,0,0,0,0,0,0,0,0,0,0,0,0,0,0,0,84,84,84,84,84,84,84,84,84,84,84,84,84,84,84,84,
1,0,0,0,0,0,0,0,0,0,0,0,0,0,0,0,0,0,0,0,0,0,0,0,0,0,0,0,0,0,0,0,0,0,0,0,0,0,0,0,0,0,0,0,0,0,0,0,0,0,0,0,0,0,0,0,0,0,0,0,0,0,0,0,0,
