1,4094,4094,4094,4094,4094,4094,4094,4094,4094,4094,4094,4094,4094,4094,4094,4094,4094,4094,4094,4094,4094,4094,4094,4094,4094,4094,4094,4094,4094,4094,4094,4094,4094,4094,4094,4094,4094,4094,4094,4094,4094,4094,4094,4094,4094,4094,4094,4094,4094,4094,4094,4094,4094,4094,4094,4094,4094,4094,4094,4094,4094,4094,4094,4094,
1,3566,3566,3566,3566,3566,3566,3566,3566,3566,3566,3566,3566,3566,3566,3566,3566,3566,3566,3566,3566,3566,3566,3566,3566,3566,3566,3566,3566,3566,3566,3566,3566,3566,3566,3566,3566,3566,3566,3566,3566,3566,3566,3566,3566,3566,3566,3566,3566,3566,3566,3566,3566,3566,3566,3566,3566,3566,3566,3566,3566,3566,3566,3566,3566,
1,3075,3075,3075,3075,3075,3075,3075,3075,3075,3075,3075,3075,3075,3075,3075,3075,3075,3075,3075,3075,3075,3075,3075,3075,3075,3075,3075,3075,3075,3075,3075,3075,3075,3075,3075,3075,3075,3075,3075,3075,3075,3075,3075,3075,3075,3075,3075,3075,3075,3075,3075,3075,3075,3075,3075,3075,3075,3075,3075,3075,3075,3075,3075,3075,
1,2620,2620,2620,2620,2620,2620,2620,2620,2620,2620,2620,2620,2620,2620,2620,2620,2620,2620,2620,2620,2620,2620,2620,2620,2620,2620,2620,2620,2620,2620,2620,2620,2620,2620,2620,2620,2620,2620,2620,2620,2620,2620,2620,2620,2620,2620,2620,2620,2620,2620,2620,2620,2620,2620,2620,2620,2620,2620,2620,2620,2620,2620,2620,2620,
1,2202,2202,2202,2202,2202,2202,2202,2202,2202,2202,2202,2202,2202,2202,2202,2202,2202,2202,2202,2202,2202,2202,2202,2202,2202,2202,2202,2202,2202,2202,2202,2202,2202,2202,2202,2202,2202,2202,2202,2202,2202,2202,2202,2202,2202,2202,2202,2202,2202,2202,2202,2202,2202,2202,2202,2202,2202,2202,2202,2202,2202,2202,2202,2202,
1,1820,1820,1820,1820,1820,1820,1820,1820,1820,1820,1820,1820,1820,1820,1820,1820,1820,1820,1820,1820,1820,1820,1820,1820,1820,1820,1820,1820,1820,1820,1820,1820,1820,1820,1820,1820,1820,1820,1820,1820,1820,1820,1820,1820,1820,1820,1820,1820,1820,1820,1820,1820,1820,1820,1820,1820,1820,1820,1820,1820,1820,1820,1820,1820,
1,1474,1474,1474,1474,1474,1474,1474,1474,1474,1474,1474,1474,1474,1474,1474,1474,1474,1474,1474,1474,1474,1474,1474,1474,1474,1474,1474,1474,1474,1474,1474,1474,1474,1474,1474,1474,1474,1474,1474,1474,1474,1474,1474,1474,1474,1474,1474,1474,1474,1474,1474,1474,1474,1474,1474,1474,1474,1474,1474,1474,1474,1474,1474,1474,
1,1165,1165,1165,1165,1165,1165,1165,1165,1165,1165,1165,1165,1165,1165,1165,1165,1165,1165,1165,1165,1165,1165,1165,1165,1165,1165,1165,1165,1165,1165,1165,1165,1165,1165,1165,1165,1165,1165,1165,1165,1165,1165,1165,1165,1165,1165,1165,1165,1165,1165,1165,1165,1165,1165,1165,1165,1165,1165,1165,1165,1165,1165,1165,1165,
1,892,892,892,892,892,892,892,892,892,892,892,892,892,892,892,892,892,892,892,892,892,892,892,892,892,892,892,892,892,892,892,892,892,892,892,892,892,892,892,892,892,892,892,892,892,892,892,892,892,892,892,892,892,892,892,892,892,892,892,892,892,892,892,892,
1,655,655,655,655,655,655,655,655,655,655,655,655,655,655,655,655,655,655,655,655,655,655,655,655,655,655,655,655,655,655,655,655,655,655,655,655,655,655,655,655,655,655,655,655,655,655,655,655,655,655,655,655,655,655,655,655,655,655,655,655,655,655,655,655,
1,455,455,455,455,455,455,455,455,455,455,455,455,455,455,455,455,455,455,455,455,455,455,455,455,455,455,455,455,455,455,455,455,455,455,455,455,455,455,455,455,455,455,455,455,455,455,455,455,455,455,455,455,455,455,455,455,455,455,455,455,455,455,455,455,
1,291,291,291,291,291,291,291,291,291,291,291,291,291,291,291,291,291,291,291,291,291,291,291,291,291,291,291,291,291,291,291,291,291,291,291,291,291,291,291,291,291,291,291,291,291,291,291,291,291,291,291,291,291,291,291,291,291,291,291,291,291,291,291,291,
1,164,164,164,164,164,164,164,164,164,164,164,164,164,164,164,164,164,164,164,164,164,164,164,164,164,164,164,164,164,164,164,164,164,164,164,164,164,164,164,164,164,164,164,164,164,164,164,164,164,164,164,164,164,164,164,164,164,164,164,164,164,164,164,164,
1,73,73,73,73,73,73,73,73,73,73,73,73,73,73,73,73,73,73,73,73,73,73,73,73,73,73,73,73,73,73,73,73,73,73,73,73,73,73,73,73,73,73,73,73,73,73,73,73,73,73,73,73,73,73,73,73,73,73,73,73,73,73,73,73,
1,18,18,18,18,18,18,18,18,18,18,18,18,18,18,18,18,18,18,18,18,18,18,18,18,18,18,18,18,18,18,18,18,18,18,18,18,18,18,18,18,18,18,18,18,18,18,18,18,18,18,18,18,18,18,18,18,18,18,18,18,18,18,18,18,
1,0,0,0,0,0,0,0,0,0,0,0,0,0,0,0,0,0,0,0,0,0,0,0,0,0,0,0,0,0,0,0,0,0,0,0,0,0,0,0,0,0,0,0,0,0,0,0,0,0,0,0,0,0,0,0,0,0,0,0,0,0,0,0,0,
1,18,18,18,18,18,18,18,18,18,18,18,18,18,18,18,18,18,18,18,18,18,18,18,18,18,18,18,18,18,18,18,18,18,18,18,18,18,18,18,18,18,18,18,18,18,18,18,18,18,18,18,18,18,18,18,18,18,18,18,18,18,18,18,18,
1,73,73,73,73,73,73,73,73,73,73,73,73,73,73,73,73,73,73,73,73,73,73,73,73,73,73,73,73,73,73,73,73,73,73,73,73,73,73,73,73,73,73,73,73,73,73,73,73,73,73,73,73,73,73,73,73,73,73,73,73,73,73,73,73,
1,164,164,164,164,164,164,164,164,164,164,164,164,164,164,164,164,164,164,164,164,164,164,164,164,164,164,164,164,164,164,164,164,164,164,164,164,164,164,164,164,164,164,164,164,164,164,164,164,164,164,164,164,164,164,164,164,164,164,164,164,164,164,164,164,
1,291,291,291,291,291,291,291,291,291,291,291,291,291,291,291,291,291,291,291,291,291,291,291,291,291,291,291,291,291,291,291,291,291,291,291,291,291,291,291,291,291,291,291,291,291,291,291,291,291,291,291,291,291,291,291,291,291,291,291,291,291,291,291,291,
1,455,455,455,455,455,455,455,455,455,455,455,455,455,455,455,455,455,455,455,455,455,455,455,455,455,455,455,455,455,455,455,455,455,455,455,455,455,455,455,455,455,455,455,455,455,455,455,455,455,455,455,455,455,455,455,455,455,455,455,455,455,455,455,455,
1,655,655,655,655,655,655,655,655,655,655,655,655,655,655,655,655,655,655,655,655,655,655,655,655,655,655,655,655,655,655,655,655,655,655,655,655,655,655,655,655,655,655,655,655,655,655,655,655,655,655,655,655,655,655,655,655,655,655,655,655,655,655,655,655,
1,892,892,892,892,892,892,892,892,892,892,892,892,892,892,892,892,892,892,892,892,892,892,892,892,892,892,892,892,892,892,892,892,892,892,892,892,892,892,892,892,892,892,892,892,892,892,892,892,892,892,892,892,892,892,892,892,892,892,892,892,892,892,892,892,
1,1165,1165,1165,1165,1165,1165,1165,1165,1165,1165,1165,1165,1165,1165,1165,1165,1165,1165,1165,1165,1165,1165,1165,1165,1165,1165,1165,1165,1165,1165,1165,1165,1165,1165,1165,1165,1165,1165,1165,1165,1165,1165,1165,1165,1165,1165,1165,1165,1165,1165,1165,1165,1165,1165,1165,1165,1165,1165,1165,1165,1165,1165,1165,1165,
1,1474,1474,1474,1474,1474,1474,1474,1474,1474,1474,1474,1474,1474,1474,1474,1474,1474,1474,1474,1474,1474,1474,1474,1474,1474,1474,1474,1474,1474,1474,1474,1474,1474,1474,1474,1474,1474,1474,1474,1474,1474,1474,1474,1474,1474,1474,1474,1474,1474,1474,1474,1474,1474,1474,1474,1474,1474,1474,1474,1474,1474,1474,1474,1474,
1,1820,1820,1820,1820,1820,1820,1820,1820,1820,1820,1820,1820,1820,1820,1820,1820,1820,1820,1820,1820,1820,1820,1820,1820,1820,1820,1820,1820,1820,1820,1820,1820,1820,1820,1820,1820,1820,1820,1820,1820,1820,1820,1820,1820,1820,1820,1820,1820,1820,1820,1820,1820,1820,1820,1820,1820,1820,1820,1820,1820,1820,1820,1820,1820,
1,2202,2202,2202,2202,2202,2202,2202,2202,2202,2202,2202,2202,2202,2202,2202,2202,2202,2202,2202,2202,2202,2202,2202,2202,2202,2202,2202,2202,2202,2202,2202,2202,2202,2202,2202,2202,2202,2202,2202,2202,2202,2202,2202,2202,2202,2202,2202,2202,2202,2202,2202,2202,2202,2202,2202,2202,2202,2202,2202,2202,2202,2202,2202,2202,
1,2620,2620,2620,2620,2620,2620,2620,2620,2620,2620,2620,2620,2620,2620,2620,2620,2620,2620,2620,2620,2620,2620,2620,2620,2620,2620,2620,2620,2620,2620,2620,2620,2620,2620,2620,2620,2620,2620,2620,2620,2620,2620,2620,2620,2620,2620,2620,2620,2620,2620,2620,2620,2620,2620,2620,2620,2620,2620,2620,2620,2620,2620,2620,2620,
1,3075,3075,3075,3075,3075,3075,3075,3075,3075,3075,3075,3075,3075,3075,3075,3075,3075,3075,3075,3075,3075,3075,3075,3075,3075,3075,3075,3075,3075,3075,3075,3075,3075,3075,3075,3075,3075,3075,3075,3075,3075,3075,3075,3075,3075,3075,3075,3075,3075,3075,3075,3075,3075,3075,3075,3075,3075,3075,3075,3075,3075,3075,3075,3075,
1,3566,3566,3566,3566,3566,3566,3566,3566,3566,3566,3566,3566,3566,3566,3566,3566,3566,3566,3566,3566,3566,3566,3566,3566,3566,3566,3566,3566,3566,3566,3566,3566,3566,3566,3566,3566,3566,3566,3566,3566,3566,3566,3566,3566,3566,3566,3566,3566,3566,3566,3566,3566,3566,3566,3566,3566,3566,3566,3566,3566,3566,3566,3566,3566,
